   1.8633540e-01   5.3416149e-01
   8.1987578e-01   4.2857143e-01
   5.2795031e-01   5.2173913e-01
   3.4782609e-01   5.9627329e-01
   8.5714286e-01   7.5155280e-01
   5.1552795e-01   4.5341615e-01
   2.9813665e-01   4.4720497e-01
   7.7639752e-01   7.0807453e-01
   7.0807453e-01   7.8260870e-01
   6.8944099e-01   3.6024845e-01
   3.8509317e-01   2.4844720e-01
   4.4720497e-01   3.3540373e-01
   5.4037267e-01   3.9751553e-01
   4.9068323e-01   6.6459627e-01
   4.4720497e-01   3.2298137e-01
   3.9751553e-01   8.0124224e-01
   4.0372671e-01   6.3354037e-01
   6.3975155e-01   6.5838509e-01
   5.5900621e-01   6.8944099e-01
   5.4658385e-01   7.6397516e-01
   8.8819876e-01   2.2360248e-01
   4.7204969e-01   5.4658385e-01
   5.3416149e-01   7.0807453e-01
   4.5962733e-01   2.7950311e-01
   3.7888199e-01   1.3043478e-01
   6.2732919e-01   5.4037267e-01
   4.7826087e-01   4.7826087e-01
   7.0807453e-01   6.4596273e-01
   6.5217391e-01   3.4161491e-01
   8.8198758e-01   7.6397516e-01
   7.2670807e-01   6.2111801e-01
   1.1801242e-01   4.2857143e-01
   3.5403727e-01   3.6645963e-01
   6.7080745e-01   5.9006211e-01
   3.7267081e-01   1.1180124e-01
   4.2236025e-01   7.3913043e-01
   7.3913043e-01   5.0310559e-01
   5.3416149e-01   2.5465839e-01
   6.3354037e-01   3.3540373e-01
   7.7018634e-01   3.1677019e-01
   6.8322981e-01   4.1614907e-01
   3.1677019e-01   4.4720497e-01
   3.1055901e-01   5.9627329e-01
   5.7763975e-01   2.1118012e-01
   3.7267081e-01   6.1490683e-01
   7.7639752e-01   2.2981366e-01
   5.6521739e-01   5.7763975e-01
   4.5962733e-01   2.3602484e-01
   9.2546584e-01   7.3291925e-01
   3.9751553e-01   1.6770186e-01
   4.5341615e-01   7.0186335e-01
   4.7204969e-01   9.0683230e-01
   8.3850932e-01   7.8260870e-01
   5.0931677e-01   8.4472050e-01
   4.0372671e-01   2.1739130e-01
   6.5838509e-01   3.0434783e-01
   4.2857143e-01   1.7391304e-01
   1.1180124e-01   4.4720497e-01
   3.4161491e-01   5.5279503e-01
   3.2919255e-01   5.2173913e-01
   3.6645963e-01   4.7826087e-01
   8.2608696e-01   3.9130435e-01
   6.3354037e-01   7.0807453e-01
   5.2795031e-01   7.5776398e-01
   7.7018634e-01   7.2670807e-01
   1.9254658e-01   4.0993789e-01
   4.9068323e-01   5.9006211e-01
   8.5093168e-01   4.2857143e-01
   8.7577640e-01   2.7329193e-01
   4.7826087e-01   8.6956522e-01
   3.7267081e-01   3.9751553e-01
   7.1428571e-01   6.9565217e-01
   4.4099379e-01   4.4720497e-01
   6.2732919e-01   5.7142857e-01
   8.9440994e-01   7.8260870e-01
   4.7826087e-01   9.9378882e-02
   8.7577640e-01   3.7888199e-01
   6.8322981e-01   3.9751553e-01
   7.7639752e-01   4.7826087e-01
   6.5217391e-01   6.0869565e-01
   9.4409938e-01   2.3602484e-01
   4.5341615e-01   3.2298137e-01
   6.0248447e-01   3.9751553e-01
   4.9068323e-01   6.7701863e-01
   4.5962733e-01   6.1490683e-01
   1.7391304e-01   4.4720497e-01
   3.3540373e-01   7.3913043e-01
   6.0869565e-01   4.3478261e-01
   4.0372671e-01   5.7763975e-01
   5.5279503e-01   4.6583851e-01
   4.8447205e-01   1.9254658e-01
   7.0807453e-01   4.5962733e-01
   3.2298137e-01   3.6645963e-01
   1.8633540e-01   4.2236025e-01
   4.8447205e-01   3.1055901e-01
   3.6024845e-01   7.0807453e-01
   4.0372671e-01   9.6273292e-01
   6.0869565e-01   4.9068323e-01
   8.4472050e-01   2.2360248e-01
   3.0434783e-01   3.5403727e-01
