   4.2089094e-01   6.2111801e-03
   4.1614907e-01   3.9951309e-03
   4.0993789e-01   3.1177688e-03
   4.0372671e-01   3.1177688e-03
   3.9751553e-01   3.1177688e-03
   3.9130435e-01   3.9751553e-03
   3.8731145e-01   6.2111801e-03
   3.8509317e-01   7.6988879e-03
   3.7888199e-01   1.0513897e-02
   3.7673347e-01   1.2422360e-02
   3.7267081e-01   1.6134790e-02
   3.7025535e-01   1.8633540e-02
   3.6645963e-01   2.3971273e-02
   3.6569387e-01   2.4844720e-02
   3.6280783e-01   3.1055901e-02
   3.6024845e-01   3.6532425e-02
   3.5975691e-01   3.7267081e-02
   3.5743863e-01   4.3478261e-02
   3.5623507e-01   4.9689441e-02
   3.5408579e-01   5.5900621e-02
   3.5403727e-01   5.6009589e-02
   3.5214691e-01   6.2111801e-02
   3.5122745e-01   6.8322981e-02
   3.5066548e-01   7.4534161e-02
   3.4986362e-01   8.0745342e-02
   3.4947761e-01   8.6956522e-02
   3.4787461e-01   9.3167702e-02
   3.4787461e-01   9.9378882e-02
   3.4782609e-01   1.0062112e-01
   3.4763787e-01   1.0559006e-01
   3.4593573e-01   1.1180124e-01
   3.4582142e-01   1.1801242e-01
   3.4582142e-01   1.2422360e-01
   3.4582142e-01   1.3043478e-01
   3.4573424e-01   1.3664596e-01
   3.4480757e-01   1.4285714e-01
   3.4473494e-01   1.4906832e-01
   3.4473494e-01   1.5527950e-01
   3.4473494e-01   1.6149068e-01
   3.4473494e-01   1.6770186e-01
   3.4473494e-01   1.7391304e-01
   3.4473494e-01   1.8012422e-01
   3.4389338e-01   1.8633540e-01
   3.4365244e-01   1.9254658e-01
   3.4365244e-01   1.9875776e-01
   3.4365244e-01   2.0496894e-01
   3.4365244e-01   2.1118012e-01
   3.4365244e-01   2.1739130e-01
   3.4365244e-01   2.2360248e-01
   3.4283356e-01   2.2981366e-01
   3.4166343e-01   2.3602484e-01
   3.4166343e-01   2.4223602e-01
   3.4166343e-01   2.4844720e-01
   3.4166343e-01   2.5465839e-01
   3.4166343e-01   2.6086957e-01
   3.4161491e-01   2.6106993e-01
   3.4043557e-01   2.6708075e-01
   3.3961024e-01   2.7329193e-01
   3.3961024e-01   2.7950311e-01
   3.3961024e-01   2.8571429e-01
   3.3952306e-01   2.9192547e-01
   3.3859639e-01   2.9813665e-01
   3.3852376e-01   3.0434783e-01
   3.3852376e-01   3.1055901e-01
   3.3768220e-01   3.1677019e-01
   3.3662238e-01   3.2298137e-01
   3.3540373e-01   3.2512077e-01
   3.3341210e-01   3.2919255e-01
   3.2984866e-01   3.3540373e-01
   3.2919255e-01   3.3608878e-01
   3.2298137e-01   3.4142669e-01
   3.2275343e-01   3.4161491e-01
   3.1677019e-01   3.4475036e-01
   3.1055901e-01   3.4782609e-01
   3.1055901e-01   3.4782609e-01
   3.0434783e-01   3.5055295e-01
   2.9813665e-01   3.5231779e-01
   2.9509317e-01   3.5403727e-01
   2.9192547e-01   3.5581687e-01
   2.8571429e-01   3.5733420e-01
   2.7950311e-01   3.5975691e-01
   2.7865961e-01   3.6024845e-01
   2.7329193e-01   3.6248959e-01
   2.6708075e-01   3.6386661e-01
   2.6086957e-01   3.6600954e-01
   2.6009317e-01   3.6645963e-01
   2.5465839e-01   3.6870077e-01
   2.4844720e-01   3.7006031e-01
   2.4223602e-01   3.7149147e-01
   2.3996364e-01   3.7267081e-01
   2.3602484e-01   3.7448531e-01
   2.2981366e-01   3.7581973e-01
   2.2360248e-01   3.7712742e-01
   2.1976842e-01   3.7888199e-01
   2.1739130e-01   3.8010064e-01
   2.1118012e-01   3.8151795e-01
   2.0496894e-01   3.8278348e-01
   1.9875776e-01   3.8464308e-01
   1.9798137e-01   3.8509317e-01
   1.9254658e-01   3.8734593e-01
   1.8633540e-01   3.8846244e-01
   1.8012422e-01   3.9006211e-01
   1.7706641e-01   3.9130435e-01
   1.7391304e-01   3.9258540e-01
   1.6770186e-01   3.9424804e-01
   1.6149068e-01   3.9541278e-01
   1.5617849e-01   3.9751553e-01
   1.5527950e-01   3.9801062e-01
   1.4906832e-01   4.0012119e-01
   1.4285714e-01   4.0115134e-01
   1.3664596e-01   4.0327662e-01
   1.3586957e-01   4.0372671e-01
   1.3043478e-01   4.0596786e-01
   1.2422360e-01   4.0734487e-01
   1.1801242e-01   4.0948780e-01
   1.1724561e-01   4.0993789e-01
   1.1180124e-01   4.1219939e-01
   1.0559006e-01   4.1381593e-01
   1.0024556e-01   4.1614907e-01
   9.9378882e-02   4.1668529e-01
   9.3167702e-02   4.1898591e-01
   8.6956522e-02   4.2061553e-01
   8.4107357e-02   4.2236025e-01
   8.0745342e-02   4.2435188e-01
   7.4534161e-02   4.2606248e-01
   7.0026933e-02   4.2857143e-01
   6.8322981e-02   4.2979008e-01
   6.2111801e-02   4.3221779e-01
   5.8376091e-02   4.3478261e-01
   5.5900621e-02   4.3665961e-01
   4.9689441e-02   4.3976738e-01
   4.8323862e-02   4.4099379e-01
   4.3478261e-02   4.4478951e-01
   4.0993789e-02   4.4720497e-01
   3.7267081e-02   4.5093168e-01
   3.4782609e-02   4.5341615e-01
   3.1055901e-02   4.5800892e-01
   2.9663091e-02   4.5962733e-01
   2.6792009e-02   4.6583851e-01
   2.4844720e-02   4.6897110e-01
   2.2931006e-02   4.7204969e-01
   2.1753575e-02   4.7826087e-01
   2.1753575e-02   4.8447205e-01
   2.1826203e-02   4.9068323e-01
   2.3125241e-02   4.9689441e-01
   2.4844720e-02   5.0043334e-01
   2.6246023e-02   5.0310559e-01
   2.9171610e-02   5.0931677e-01
   3.1055901e-02   5.1152337e-01
   3.4177417e-02   5.1552795e-01
   3.7267081e-02   5.1911417e-01
   3.9861162e-02   5.2173913e-01
   4.3478261e-02   5.2482911e-01
   4.7219936e-02   5.2795031e-01
   4.9689441e-02   5.3017823e-01
   5.5900621e-02   5.3411297e-01
   5.5953258e-02   5.3416149e-01
   6.2111801e-02   5.3796625e-01
   6.5491414e-02   5.4037267e-01
   6.8322981e-02   5.4245426e-01
   7.4534161e-02   5.4533380e-01
   7.6247590e-02   5.4658385e-01
   8.0745342e-02   5.4916672e-01
   8.6956522e-02   5.5154498e-01
   8.8669951e-02   5.5279503e-01
   9.3167702e-02   5.5537790e-01
   9.9378882e-02   5.5778756e-01
   1.0121266e-01   5.5900621e-01
   1.0559006e-01   5.6131590e-01
   1.1180124e-01   5.6319201e-01
   1.1509921e-01   5.6521739e-01
   1.1801242e-01   5.6703613e-01
   1.2422360e-01   5.6883285e-01
   1.2949369e-01   5.7142857e-01
   1.3043478e-01   5.7208009e-01
   1.3664596e-01   5.7450430e-01
   1.4285714e-01   5.7655078e-01
   1.4458603e-01   5.7763975e-01
   1.4906832e-01   5.7986941e-01
   1.5527950e-01   5.8156927e-01
   1.5988986e-01   5.8385093e-01
   1.6149068e-01   5.8486583e-01
   1.6770186e-01   5.8694166e-01
   1.7391304e-01   5.8878106e-01
   1.7614097e-01   5.9006211e-01
   1.8012422e-01   5.9204297e-01
   1.8633540e-01   5.9375192e-01
   1.9181193e-01   5.9627329e-01
   1.9254658e-01   5.9676482e-01
   1.9875776e-01   5.9918754e-01
   2.0496894e-01   6.0070486e-01
   2.0813665e-01   6.0248447e-01
   2.1118012e-01   6.0420395e-01
   2.1739130e-01   6.0598587e-01
   2.2360248e-01   6.0815944e-01
   2.2440393e-01   6.0869565e-01
   2.2981366e-01   6.1118627e-01
   2.3602484e-01   6.1286983e-01
   2.3993084e-01   6.1490683e-01
   2.4223602e-01   6.1627026e-01
   2.4844720e-01   6.1817433e-01
   2.5465839e-01   6.2054126e-01
   2.5549948e-01   6.2111801e-01
   2.6086957e-01   6.2370861e-01
   2.6708075e-01   6.2552483e-01
   2.7001694e-01   6.2732919e-01
   2.7329193e-01   6.2928706e-01
   2.7950311e-01   6.3100083e-01
   2.8406530e-01   6.3354037e-01
   2.8571429e-01   6.3471971e-01
   2.9192547e-01   6.3713794e-01
   2.9651634e-01   6.3975155e-01
   2.9813665e-01   6.4093089e-01
   3.0434783e-01   6.4355631e-01
   3.0756200e-01   6.4596273e-01
   3.1055901e-01   6.4820656e-01
   3.1571386e-01   6.5217391e-01
   3.1677019e-01   6.5320225e-01
   3.2151327e-01   6.5838509e-01
   3.2298137e-01   6.6062802e-01
   3.2517917e-01   6.6459627e-01
   3.2610140e-01   6.7080745e-01
   3.2664748e-01   6.7701863e-01
   3.2718788e-01   6.8322981e-01
   3.2718788e-01   6.8944099e-01
   3.2718788e-01   6.9565217e-01
   3.2718788e-01   7.0186335e-01
   3.2718788e-01   7.0807453e-01
   3.2718788e-01   7.1428571e-01
   3.2718788e-01   7.2049689e-01
   3.2718788e-01   7.2670807e-01
   3.2718788e-01   7.3291925e-01
   3.2718788e-01   7.3913043e-01
   3.2718788e-01   7.4534161e-01
   3.2718788e-01   7.5155280e-01
   3.2718788e-01   7.5776398e-01
   3.2718788e-01   7.6397516e-01
   3.2718788e-01   7.7018634e-01
   3.2718788e-01   7.7639752e-01
   3.2718788e-01   7.8260870e-01
   3.2718788e-01   7.8881988e-01
   3.2718788e-01   7.9503106e-01
   3.2742288e-01   8.0124224e-01
   3.2861988e-01   8.0745342e-01
   3.2919255e-01   8.1322094e-01
   3.2924107e-01   8.1366460e-01
   3.2924107e-01   8.1987578e-01
   3.2924107e-01   8.2608696e-01
   3.2924107e-01   8.3229814e-01
   3.2924107e-01   8.3850932e-01
   3.2924107e-01   8.4472050e-01
   3.2924107e-01   8.5093168e-01
   3.2924107e-01   8.5714286e-01
   3.2924107e-01   8.6335404e-01
   3.2924107e-01   8.6956522e-01
   3.2924107e-01   8.7577640e-01
   3.2924107e-01   8.8198758e-01
   3.2924107e-01   8.8819876e-01
   3.2924107e-01   8.9440994e-01
   3.2924107e-01   9.0062112e-01
   3.2924107e-01   9.0683230e-01
   3.2924107e-01   9.1304348e-01
   3.3047360e-01   9.1925466e-01
   3.3123008e-01   9.2546584e-01
   3.3131658e-01   9.3167702e-01
   3.3224009e-01   9.3788820e-01
   3.3313665e-01   9.4409938e-01
   3.3491219e-01   9.5031056e-01
   3.3540373e-01   9.5116460e-01
   3.3760153e-01   9.5652174e-01
   3.3970119e-01   9.6273292e-01
   3.4161491e-01   9.6581150e-01
   3.4356220e-01   9.6894410e-01
   3.4603175e-01   9.7515528e-01
   3.4782609e-01   9.7730849e-01
   3.5094760e-01   9.8136646e-01
   3.5403727e-01   9.8493146e-01
   3.5683230e-01   9.8757764e-01
   3.6024845e-01   9.9031056e-01
   3.6645963e-01   9.9337779e-01
   3.6692938e-01   9.9378882e-01
   3.7267081e-01   9.9665953e-01
   3.7888199e-01   9.9688223e-01
   3.8509317e-01   9.9688223e-01
   3.9130435e-01   9.9667351e-01
   3.9751553e-01   9.9493611e-01
   3.9937248e-01   9.9378882e-01
   4.0372671e-01   9.9160042e-01
   4.0993789e-01   9.8943070e-01
   4.1229989e-01   9.8757764e-01
   4.1614907e-01   9.8483099e-01
   4.2100429e-01   9.8136646e-01
   4.2236025e-01   9.8011616e-01
   4.2857143e-01   9.7576765e-01
   4.2920155e-01   9.7515528e-01
   4.3478261e-01   9.6998624e-01
   4.3581781e-01   9.6894410e-01
   4.4099379e-01   9.6376812e-01
   4.4202899e-01   9.6273292e-01
   4.4720497e-01   9.5755694e-01
   4.4824017e-01   9.5652174e-01
   4.5341615e-01   9.5134576e-01
   4.5445135e-01   9.5031056e-01
   4.5962733e-01   9.4506463e-01
   4.6057340e-01   9.4409938e-01
   4.6485130e-01   9.3788820e-01
   4.6583851e-01   9.3688774e-01
   4.7054395e-01   9.3167702e-01
   4.7204969e-01   9.2995169e-01
   4.7574091e-01   9.2546584e-01
   4.7826087e-01   9.2265696e-01
   4.8107225e-01   9.1925466e-01
   4.8447205e-01   9.1543239e-01
   4.8667821e-01   9.1304348e-01
   4.9068323e-01   9.0784547e-01
   4.9162930e-01   9.0683230e-01
   4.9580544e-01   9.0062112e-01
   4.9689441e-01   8.9938802e-01
   5.0065562e-01   8.9440994e-01
   5.0310559e-01   8.9160106e-01
   5.0591697e-01   8.8819876e-01
   5.0931677e-01   8.8368154e-01
   5.1078487e-01   8.8198758e-01
   5.1547943e-01   8.7577640e-01
   5.1552795e-01   8.7572631e-01
   5.1981995e-01   8.6956522e-01
   5.2173913e-01   8.6731775e-01
   5.2482879e-01   8.6335404e-01
   5.2795031e-01   8.5934946e-01
   5.2983460e-01   8.5714286e-01
   5.3416149e-01   8.5117242e-01
   5.3439499e-01   8.5093168e-01
   5.3886693e-01   8.4472050e-01
   5.4037267e-01   8.4298310e-01
   5.4373978e-01   8.3850932e-01
   5.4658385e-01   8.3506745e-01
   5.4899931e-01   8.3229814e-01
   5.5279503e-01   8.2734720e-01
   5.5393172e-01   8.2608696e-01
   5.5835010e-01   8.1987578e-01
   5.5900621e-01   8.1916996e-01
   5.6297729e-01   8.1366460e-01
   5.6521739e-01   8.1123893e-01
   5.6858450e-01   8.0745342e-01
   5.7142857e-01   8.0401155e-01
   5.7391304e-01   8.0124224e-01
   5.7763975e-01   7.9671325e-01
   5.7910785e-01   7.9503106e-01
   5.8385093e-01   7.8984822e-01
   5.8488613e-01   7.8881988e-01
   5.9006211e-01   7.8364389e-01
   5.9109731e-01   7.8260870e-01
   5.9627329e-01   7.7743271e-01
   5.9730849e-01   7.7639752e-01
   6.0248447e-01   7.7122153e-01
   6.0355537e-01   7.7018634e-01
   6.0869565e-01   7.6628402e-01
   6.1225205e-01   7.6397516e-01
   6.1490683e-01   7.6212576e-01
   6.2111801e-01   7.6089832e-01
   6.2732919e-01   7.6081205e-01
   6.3354037e-01   7.6159107e-01
   6.3975155e-01   7.6229742e-01
   6.4446003e-01   7.6397516e-01
   6.4596273e-01   7.6462668e-01
   6.5217391e-01   7.6626514e-01
   6.5838509e-01   7.6755037e-01
   6.6459627e-01   7.6896769e-01
   6.6697339e-01   7.7018634e-01
   6.7080745e-01   7.7193105e-01
   6.7701863e-01   7.7345383e-01
   6.8322981e-01   7.7514747e-01
   6.8562449e-01   7.7639752e-01
   6.8944099e-01   7.7816718e-01
   6.9565217e-01   7.7966501e-01
   7.0186335e-01   7.8135865e-01
   7.0425803e-01   7.8260870e-01
   7.0807453e-01   7.8437836e-01
   7.1428571e-01   7.8587619e-01
   7.2049689e-01   7.8828366e-01
   7.2141707e-01   7.8881988e-01
   7.2670807e-01   7.9101768e-01
   7.3291925e-01   7.9249714e-01
   7.3845531e-01   7.9503106e-01
   7.3913043e-01   7.9548114e-01
   7.4534161e-01   7.9761155e-01
   7.5155280e-01   7.9921685e-01
   7.5564808e-01   8.0124224e-01
   7.5776398e-01   8.0245322e-01
   7.6397516e-01   8.0418592e-01
   7.7018634e-01   8.0608162e-01
   7.7275648e-01   8.0745342e-01
   7.7639752e-01   8.0922308e-01
   7.8260870e-01   8.1072091e-01
   7.8881988e-01   8.1312838e-01
   7.8974005e-01   8.1366460e-01
   7.9503106e-01   8.1587373e-01
   8.0124224e-01   8.1725261e-01
   8.0745342e-01   8.1938068e-01
   8.0830745e-01   8.1987578e-01
   8.1366460e-01   8.2208491e-01
   8.1987578e-01   8.2346379e-01
   8.2608696e-01   8.2559186e-01
   8.2694099e-01   8.2608696e-01
   8.3229814e-01   8.2830753e-01
   8.3850932e-01   8.2942693e-01
   8.4472050e-01   8.3101708e-01
   8.4792314e-01   8.3229814e-01
   8.5093168e-01   8.3350912e-01
   8.5714286e-01   8.3490863e-01
   8.6335404e-01   8.3588615e-01
   8.6956522e-01   8.3732247e-01
   8.7474120e-01   8.3850932e-01
   8.7577640e-01   8.3878743e-01
   8.8198758e-01   8.4039968e-01
   8.8819876e-01   8.4062307e-01
   8.9440994e-01   8.4151285e-01
   9.0062112e-01   8.4161491e-01
   9.0683230e-01   8.4160046e-01
   9.1304348e-01   8.4161491e-01
   9.1925466e-01   8.4088143e-01
   9.2546584e-01   8.3972030e-01
   9.2784296e-01   8.3850932e-01
   9.3167702e-01   8.3675475e-01
   9.3788820e-01   8.3457218e-01
   9.4030767e-01   8.3229814e-01
   9.4409938e-01   8.2857143e-01
   9.4658385e-01   8.2608696e-01
   9.5031056e-01   8.2149418e-01
   9.5170337e-01   8.1987578e-01
   9.5432394e-01   8.1366460e-01
   9.5652174e-01   8.0830745e-01
   9.5701327e-01   8.0745342e-01
   9.5852641e-01   8.0124224e-01
   9.5852641e-01   7.9503106e-01
   9.5852641e-01   7.8881988e-01
   9.5770108e-01   7.8260870e-01
   9.5652174e-01   7.7955402e-01
   9.5530309e-01   7.7639752e-01
   9.5394637e-01   7.7018634e-01
   9.5247651e-01   7.6397516e-01
   9.5031056e-01   7.5952926e-01
   9.4922159e-01   7.5776398e-01
   9.4718982e-01   7.5155280e-01
   9.4409938e-01   7.4540192e-01
   9.4405085e-01   7.4534161e-01
   9.4100894e-01   7.3913043e-01
   9.3883427e-01   7.3291925e-01
   9.3788820e-01   7.3174829e-01
   9.3482896e-01   7.2670807e-01
   9.3167702e-01   7.2055720e-01
   9.3162849e-01   7.2049689e-01
   9.2847826e-01   7.1428571e-01
   9.2546584e-01   7.0954174e-01
   9.2427899e-01   7.0807453e-01
   9.2174544e-01   7.0186335e-01
   9.1925466e-01   6.9820154e-01
   9.1737765e-01   6.9565217e-01
   9.1443629e-01   6.8944099e-01
   9.1304348e-01   6.8758766e-01
   9.1027234e-01   6.8322981e-01
   9.0683230e-01   6.7724046e-01
   9.0664264e-01   6.7701863e-01
   9.0314929e-01   6.7080745e-01
   9.0062112e-01   6.6710815e-01
   8.9870193e-01   6.6459627e-01
   8.9555723e-01   6.5838509e-01
   8.9440994e-01   6.5696679e-01
   8.9128842e-01   6.5217391e-01
   8.8819876e-01   6.4742994e-01
   8.8701191e-01   6.4596273e-01
   8.8387187e-01   6.3975155e-01
   8.8198758e-01   6.3728535e-01
   8.7942820e-01   6.3354037e-01
   8.7577640e-01   6.2738183e-01
   8.7572787e-01   6.2732919e-01
   8.7186565e-01   6.2111801e-01
   8.6956522e-01   6.1777353e-01
   8.6753983e-01   6.1490683e-01
   8.6411980e-01   6.0869565e-01
   8.6335404e-01   6.0777167e-01
   8.6015528e-01   6.0248447e-01
   8.5714286e-01   5.9774050e-01
   8.5595601e-01   5.9627329e-01
   8.5284014e-01   5.9006211e-01
   8.5093168e-01   5.8755024e-01
   8.4839074e-01   5.8385093e-01
   8.4508586e-01   5.7763975e-01
   8.4472050e-01   5.7719210e-01
   8.4152174e-01   5.7142857e-01
   8.3850932e-01   5.6668460e-01
   8.3732247e-01   5.6521739e-01
   8.3459857e-01   5.5900621e-01
   8.3229814e-01   5.5560947e-01
   8.3035085e-01   5.5279503e-01
   8.2800067e-01   5.4658385e-01
   8.2608696e-01   5.4350527e-01
   8.2413967e-01   5.4037267e-01
   8.2178949e-01   5.3416149e-01
   8.1987578e-01   5.3108291e-01
   8.1792849e-01   5.2795031e-01
   8.1583055e-01   5.2173913e-01
   8.1366460e-01   5.1561797e-01
   8.1361607e-01   5.1552795e-01
   8.1167170e-01   5.0931677e-01
   8.1241455e-01   5.0310559e-01
   8.1366460e-01   4.9989982e-01
   8.1484393e-01   4.9689441e-01
   8.1675504e-01   4.9068323e-01
   8.1982725e-01   4.8447205e-01
   8.1987578e-01   4.8441507e-01
   8.2331581e-01   4.7826087e-01
   8.2608696e-01   4.7442844e-01
   8.2797125e-01   4.7204969e-01
   8.3148983e-01   4.6583851e-01
   8.3229814e-01   4.6492368e-01
   8.3599127e-01   4.5962733e-01
   8.3850932e-01   4.5641465e-01
   8.4080975e-01   4.5341615e-01
   8.4472050e-01   4.4785878e-01
   8.4533287e-01   4.4720497e-01
   8.4901249e-01   4.4099379e-01
   8.5093168e-01   4.3874632e-01
   8.5402134e-01   4.3478261e-01
   8.5714286e-01   4.3077803e-01
   8.5902715e-01   4.2857143e-01
   8.6330551e-01   4.2236025e-01
   8.6335404e-01   4.2231016e-01
   8.6764603e-01   4.1614907e-01
   8.6956522e-01   4.1390160e-01
   8.7265488e-01   4.0993789e-01
   8.7577640e-01   4.0593331e-01
   8.7766069e-01   4.0372671e-01
   8.8198758e-01   3.9814565e-01
   8.8259995e-01   3.9751553e-01
   8.8669302e-01   3.9130435e-01
   8.8819876e-01   3.8956695e-01
   8.9156587e-01   3.8509317e-01
   8.9440994e-01   3.8165130e-01
   8.9682540e-01   3.7888199e-01
   9.0062112e-01   3.7393105e-01
   9.0175780e-01   3.7267081e-01
   9.0617619e-01   3.6645963e-01
   9.0683230e-01   3.6576950e-01
   9.1092758e-01   3.6024845e-01
   9.1304348e-01   3.5782648e-01
   9.1613314e-01   3.5403727e-01
   9.1925466e-01   3.5003269e-01
   9.2113895e-01   3.4782609e-01
   9.2546584e-01   3.4166460e-01
   9.2551399e-01   3.4161491e-01
   9.2975783e-01   3.3540373e-01
   9.3167702e-01   3.3315626e-01
   9.3476668e-01   3.2919255e-01
   9.3788820e-01   3.2471684e-01
   9.3931004e-01   3.2298137e-01
   9.4311217e-01   3.1677019e-01
   9.4409938e-01   3.1564088e-01
   9.4753942e-01   3.1055901e-01
   9.5031056e-01   3.0620116e-01
   9.5170337e-01   3.0434783e-01
   9.5506249e-01   2.9813665e-01
   9.5652174e-01   2.9619876e-01
   9.5926103e-01   2.9192547e-01
   9.6268439e-01   2.8571429e-01
   9.6273292e-01   2.8565398e-01
   9.6582336e-01   2.7950311e-01
   9.6889557e-01   2.7329193e-01
   9.6894410e-01   2.7322855e-01
   9.7184066e-01   2.6708075e-01
   9.7340071e-01   2.6086957e-01
   9.7515528e-01   2.5698758e-01
   9.7633462e-01   2.5465839e-01
   9.7796510e-01   2.4844720e-01
   9.7824642e-01   2.4223602e-01
   9.7824642e-01   2.3602484e-01
   9.7824642e-01   2.2981366e-01
   9.7750800e-01   2.2360248e-01
   9.7515528e-01   2.1824802e-01
   9.7461906e-01   2.1739130e-01
   9.7168339e-01   2.1118012e-01
   9.6894410e-01   2.0777782e-01
   9.6642413e-01   2.0496894e-01
   9.6273292e-01   2.0162199e-01
   9.5854508e-01   1.9875776e-01
   9.5652174e-01   1.9717740e-01
   9.5031056e-01   1.9503721e-01
   9.4417512e-01   1.9254658e-01
   9.4409938e-01   1.9249844e-01
   9.3788820e-01   1.9065622e-01
   9.3167702e-01   1.9021345e-01
   9.2546584e-01   1.8944099e-01
   9.1925466e-01   1.8945544e-01
   9.1304348e-01   1.8944099e-01
   9.0683230e-01   1.9023324e-01
   9.0062112e-01   1.9054192e-01
   8.9440994e-01   1.9093096e-01
   8.8833378e-01   1.9254658e-01
   8.8819876e-01   1.9259511e-01
   8.8198758e-01   1.9414478e-01
   8.7577640e-01   1.9516502e-01
   8.6956522e-01   1.9594794e-01
   8.6335404e-01   1.9686740e-01
   8.5714286e-01   1.9875776e-01
   8.5714286e-01   1.9875776e-01
   8.5093168e-01   2.0078387e-01
   8.4472050e-01   2.0187793e-01
   8.3850932e-01   2.0295361e-01
   8.3229814e-01   2.0492080e-01
   8.3220941e-01   2.0496894e-01
   8.2608696e-01   2.0718952e-01
   8.1987578e-01   2.0860476e-01
   8.1366460e-01   2.1052860e-01
   8.1225296e-01   2.1118012e-01
   8.0745342e-01   2.1295973e-01
   8.0124224e-01   2.1447705e-01
   7.9503106e-01   2.1574927e-01
   7.9132048e-01   2.1739130e-01
   7.8881988e-01   2.1860995e-01
   7.8260870e-01   2.2002727e-01
   7.7639752e-01   2.2129280e-01
   7.7018634e-01   2.2315240e-01
   7.6932367e-01   2.2360248e-01
   7.6397516e-01   2.2564001e-01
   7.5776398e-01   2.2687153e-01
   7.5155280e-01   2.2817163e-01
   7.4784222e-01   2.2981366e-01
   7.4534161e-01   2.3103231e-01
   7.3913043e-01   2.3243683e-01
   7.3291925e-01   2.3344948e-01
   7.2670807e-01   2.3541247e-01
   7.2528256e-01   2.3602484e-01
   7.2049689e-01   2.3770258e-01
   7.1428571e-01   2.3899670e-01
   7.0807453e-01   2.4025373e-01
   7.0186335e-01   2.4223602e-01
   7.0186335e-01   2.4223602e-01
   6.9565217e-01   2.4446817e-01
   6.8944099e-01   2.4560530e-01
   6.8322981e-01   2.4683158e-01
   6.7785475e-01   2.4844720e-01
   6.7701863e-01   2.4877167e-01
   6.7080745e-01   2.5045081e-01
   6.6459627e-01   2.5143670e-01
   6.5838509e-01   2.5208824e-01
   6.5217391e-01   2.5272157e-01
   6.4596273e-01   2.5416685e-01
   6.4169255e-01   2.5465839e-01
   6.3975155e-01   2.5489366e-01
   6.3901213e-01   2.5465839e-01
   6.3354037e-01   2.5326558e-01
   6.2732919e-01   2.5074264e-01
   6.2487361e-01   2.4844720e-01
   6.2111801e-01   2.4475599e-01
   6.1859805e-01   2.4223602e-01
   6.1490683e-01   2.3854481e-01
   6.1238687e-01   2.3602484e-01
   6.0869565e-01   2.3233363e-01
   6.0617569e-01   2.2981366e-01
   6.0248447e-01   2.2532781e-01
   6.0097873e-01   2.2360248e-01
   5.9627329e-01   2.1805679e-01
   5.9561718e-01   2.1739130e-01
   5.9119880e-01   2.1118012e-01
   5.9006211e-01   2.0991988e-01
   5.8636898e-01   2.0496894e-01
   5.8385093e-01   2.0188392e-01
   5.8128544e-01   1.9875776e-01
   5.7763975e-01   1.9396628e-01
   5.7638970e-01   1.9254658e-01
   5.7247721e-01   1.8633540e-01
   5.7142857e-01   1.8513918e-01
   5.6795668e-01   1.8012422e-01
   5.6521739e-01   1.7661000e-01
   5.6297729e-01   1.7391304e-01
   5.5900621e-01   1.6775450e-01
   5.5895769e-01   1.6770186e-01
   5.5509547e-01   1.6149068e-01
   5.5279503e-01   1.5853298e-01
   5.5022374e-01   1.5527950e-01
   5.4658385e-01   1.4999030e-01
   5.4577555e-01   1.4906832e-01
   5.4225696e-01   1.4285714e-01
   5.4037267e-01   1.4060611e-01
   5.3733111e-01   1.3664596e-01
   5.3416149e-01   1.3219012e-01
   5.3270224e-01   1.3043478e-01
   5.2934312e-01   1.2422360e-01
   5.2795031e-01   1.2259372e-01
   5.2455051e-01   1.1801242e-01
   5.2173913e-01   1.1422404e-01
   5.1981995e-01   1.1180124e-01
   5.1562351e-01   1.0559006e-01
   5.1552795e-01   1.0548740e-01
   5.1161721e-01   9.9378882e-02
   5.0931677e-01   9.6400919e-02
   5.0676515e-01   9.3167702e-02
   5.0310559e-01   8.7878494e-02
   5.0229729e-01   8.6956522e-02
   4.9836251e-01   8.0745342e-02
   4.9689441e-01   7.9051383e-02
   4.9349461e-01   7.4534161e-02
   4.9068323e-01   7.1019941e-02
   4.8844313e-01   6.8322981e-02
   4.8447205e-01   6.3169023e-02
   4.8348484e-01   6.2111801e-02
   4.7920694e-01   5.5900621e-02
   4.7826087e-01   5.4887450e-02
   4.7425585e-01   4.9689441e-02
   4.7204969e-01   4.7314578e-02
   4.6834416e-01   4.3478261e-02
   4.6583851e-01   4.0669383e-02
   4.6301226e-01   3.7267081e-02
   4.5962733e-01   3.3590348e-02
   4.5710736e-01   3.1055901e-02
   4.5341615e-01   2.7506655e-02
   4.5029052e-01   2.4844720e-02
   4.4720497e-01   2.2231273e-02
   4.4272616e-01   1.8633540e-02
   4.4099379e-01   1.7080745e-02
   4.3478261e-01   1.3641010e-02
   4.3330148e-01   1.2422360e-02
   4.2857143e-01   9.4373756e-03
   4.2236025e-01   7.1282671e-03
   4.2089094e-01   6.2111801e-03
