   8.9448636e-01
   1.6675677e-01
   1.9557883e-01
  -5.8817523e-01
  -1.3015388e-01
   5.7114468e-01
   1.4997532e-01
  -1.1593804e-01
   1.4512293e-01
   1.6140612e+00
  -8.8566736e-01
  -6.1790733e-01
   1.0559671e+00
  -1.4608589e+00
  -8.7146938e-01
  -2.2788787e+00
  -1.5590268e+00
   8.0782988e-01
  -5.9175074e-01
  -1.2675036e+00
   1.8407637e-01
  -6.6100840e-01
  -1.1378756e+00
  -8.4230783e-01
  -1.1302780e-01
   1.8847044e+00
   5.1240934e-02
   1.0520228e+00
   1.6038174e+00
   9.4002358e-02
   1.0827923e+00
   2.7239675e-01
  -4.6006268e-01
   1.6777643e+00
  -2.3755543e-02
  -2.7895236e+00
   6.4937271e-01
  -4.9332517e-02
   1.2581552e+00
   1.2508313e+00
   1.5312251e+00
   2.8094013e-01
  -1.3919274e-01
   8.7605901e-02
  -1.1176758e+00
   4.0215686e-01
   6.6028574e-01
  -8.1170854e-01
  -1.4481359e-01
  -3.6587096e-01
  -2.4993977e+00
  -5.3252002e-01
  -9.8179293e-02
  -1.0296649e+00
  -6.5268667e-01
   1.2007313e+00
  -3.3966199e-01
   4.0283114e-01
   8.9666727e-02
   3.3189258e-01
   1.0388222e-01
   5.7358545e-01
   2.5494593e-01
  -1.8680435e+00
  -8.5207245e-03
   8.8696839e-02
  -7.9919200e-01
   1.1443814e-02
   6.7145380e-01
  -1.4353963e+00
  -6.3385833e-01
   4.6013086e-01
  -2.9063245e-01
   1.7042359e+00
   3.6607428e-02
   1.3566400e-02
   1.7665680e-01
   1.6857366e+00
   9.3402727e-02
   1.3929031e+00
  -4.8890083e-02
  -7.7569330e-01
   1.8467648e+00
  -1.5043958e+00
  -1.1116680e+00
   5.5068136e-01
  -4.5972570e-01
   2.1150675e+00
  -7.0610949e-01
   1.4039649e+00
  -3.6865810e-01
   1.1654655e+00
  -4.4878516e-01
   1.8347910e-01
  -4.3979388e-01
  -1.4395672e+00
  -6.2592651e-01
   2.2590213e+00
   4.4005107e-01
  -2.7613255e-01
