-1.1035,-2.3621
-1.431,-2.3792
-1.7759,-2.3792
-2.0862,-2.3448
-2.3276,-2.2413
-2.5172,-2.0862
-2.6206,-1.8448
-2.6551,-1.5345
-2.6551,-1.1897
-2.6206,-0.87931
-2.5861,-0.56897
-2.5517,-0.25862
-2.5172,0.051724
-2.4827,0.36207
-2.4137,0.63793
-2.3103,0.87931
-2.1897,1.1034
-2.0344,1.2931
-1.8793,1.4827
-1.7069,1.6551
-1.5345,1.8275
-1.3621,1.9999
-1.1897,2.1723
-1.0172,2.3448
-0.84483,2.5172
-0.63793,2.6551
-0.39655,2.7586
-0.086207,2.793
0.22414,2.7586
0.5,2.6896
0.74138,2.5861
0.98276,2.4827
1.2241,2.3792
1.4655,2.2758
1.7069,2.1723
1.9483,2.0689
2.1552,1.931
2.3792,1.8103
2.6034,1.6896
2.7759,1.5172
2.9138,1.3103
2.9999,1.0517
2.9999,0.7069
2.931,0.43103
2.8793,0.138
2.8103,-0.13786
2.7414,-0.41373
2.6551,-0.67241
2.5517,-0.91379
2.431,-1.1379
2.2931,-1.3448
2.1379,-1.5345
1.9999,-1.7414
1.8103,-1.8965
1.6034,-2.0344
1.3621,-2.1379
1.0862,-2.2068
0.77586,-2.2413
0.43103,-2.2413
0.12069,-2.2758
-0.18966,-2.3103
-0.53448,-2.3103
-0.84483,-2.3448
-1.1035,-2.3621
